Source, Target 216S8, 46S2 -: 10.848454876338405
AMOSTRAGEM 0
Ants:12000 - Pheromone:0.009523391164402425 - Alpha:0.2992194898635303 - Beta:0.0896559358851623 - Evaporation:0.3497295973739175
Cost: 32,537966 - Path: [216S8, 216S9, 216S10, 216S11, 216S12, 216S13, 216S14, 216S15, 216S16, 113S16, 113S17, 625S36, 625S37, 625S38, 625S39, 625S40, 625S41, 96S13, 625S43, 273S8, 273S9, 362S0, 362S1, 362S2, 362S3, 362S4, 598S6, 598S7, 598S8, 598S9, 81S27, 313S0, 313S1, 313S2, 313S3, 313S4, 313S5, 313S6, 81S22, 157S5, 157S6, 131S3, 548S17, 548S18, 548S19, 64S11, 64S12, 46S0, 46S1, 46S2]Run time: 17,525000 
Cost: 32,537966 - Path: [216S8, 216S9, 216S10, 216S11, 216S12, 216S13, 216S14, 216S15, 216S16, 113S16, 113S17, 625S36, 625S37, 625S38, 625S39, 625S40, 625S41, 96S13, 625S43, 273S8, 273S9, 362S0, 362S1, 362S2, 362S3, 362S4, 598S6, 598S7, 598S8, 598S9, 81S27, 313S0, 313S1, 313S2, 313S3, 313S4, 313S5, 313S6, 81S22, 157S5, 157S6, 131S3, 548S17, 548S18, 548S19, 64S11, 64S12, 46S0, 46S1, 46S2]Run time: 14,215000 
Cost: 32,537966 - Path: [216S8, 216S9, 216S10, 216S11, 216S12, 216S13, 216S14, 216S15, 216S16, 113S16, 113S17, 625S36, 625S37, 625S38, 625S39, 625S40, 625S41, 96S13, 625S43, 273S8, 273S9, 362S0, 362S1, 362S2, 362S3, 362S4, 598S6, 598S7, 598S8, 598S9, 81S27, 313S0, 313S1, 313S2, 313S3, 313S4, 313S5, 313S6, 81S22, 157S5, 157S6, 131S3, 548S17, 548S18, 548S19, 64S11, 64S12, 46S0, 46S1, 46S2]Run time: 15,520000 
Cost: 32,537966 - Path: [216S8, 216S9, 216S10, 216S11, 216S12, 216S13, 216S14, 216S15, 216S16, 113S16, 113S17, 625S36, 625S37, 625S38, 625S39, 625S40, 625S41, 96S13, 625S43, 273S8, 273S9, 362S0, 362S1, 362S2, 362S3, 362S4, 598S6, 598S7, 598S8, 598S9, 81S27, 313S0, 313S1, 313S2, 313S3, 313S4, 313S5, 313S6, 81S22, 157S5, 157S6, 131S3, 548S17, 548S18, 548S19, 64S11, 64S12, 46S0, 46S1, 46S2]Run time: 13,114000 
